Eigvals	10
1.1121827537237206	0.20744449578134744	0.15649051101603603	0.11561844915052394	0.10423114596939172	0.09230071815438196	0.07983911941047901	0.06661715450010067	0.05048722635991394	0.0

Proportion explained	10
0.560233865373789	0.1044949054757333	0.07882812747032757	0.058239862521920906	0.052503797243090206	0.04649414669960926	0.04021693226730548	0.03355670265596056	0.025431660292263698	0.0

Species	0	0

Site	10	10
WT.day3.14	0.34419136401809663	0.3644601669054054	0.05010667412179866	-0.08708661681438555	-0.0647904950897646	0.03092141550799878	0.03097835358968639	-0.009096707267134786	-0.019621427992644047	-0.0
WT.day3.15	0.3102563722945464	-0.23622653089196716	0.11723815646426018	-0.007586080263945758	-0.18749434143598134	0.05175685426538696	0.07582157464669115	-0.008412481270344505	-0.029086867827414653	-0.0
WT.unt.4	-0.3323180671047996	0.013847439937451305	0.02096560215705626	-0.00849982984119334	-0.06591956980572428	-0.17721407198478348	-0.03877984795051269	0.15169712121879536	-0.050312408627874144	-0.0
WT.unt.2	-0.3113891491674915	-0.0030847018705150945	-0.03177129864350604	-0.015103098496586649	0.0759695125821669	-0.07545508622584314	0.2168789094736896	-0.05815669586158018	0.04891001735402674	-0.0
WT.unt.1	-0.3579484709641766	0.011253989665170133	0.025485041097021936	-0.007336206358440264	-0.04021745319374812	0.13045469680518357	-0.05776149058289014	0.06172730933054802	0.15578366954490802	-0.0
WT.unt.3	-0.3278201852848876	-0.01626472358860691	-0.008481530197210315	0.01015509576884136	0.10942358097396349	0.1683084712516304	0.008214136879104914	0.02897533131458617	-0.13584529762778239	-0.0
WT.unt.7	-0.3364826483650414	0.008675713306698375	-0.016424796211774315	0.025121847687557944	-0.0695724501870609	-0.053095020477817285	-0.1204918857565709	-0.1863724372353212	-0.02293831618708751	-0.0
WT.day3.11	0.3258456805283941	-0.11754449255358386	0.11421193439289974	-0.17279716790385352	0.17081005035487198	-0.05106842710250549	-0.07716539450035072	-0.011508129793367586	0.024178545953311606	-0.0
WT.day3.9	0.3426553546117814	-0.05733813593687599	-0.34535583776949713	-0.014053883217432332	-0.01194845870426597	0.0033717241320939764	-0.0200972070481955	0.021378757192762953	0.008107820373147426	-0.0
WT.day3.13	0.3430097494335778	0.03222127502682238	0.0740260545889503	0.27718593943943814	0.08373962450554318	-0.027980556171343984	-0.01759714875065159	0.009767932371056443	0.020824265037409223	-0.0

Biplot	0	0

Site constraints	0	0
