Eigvals	10
0.38166087395496623	0.11808926013232254	0.017102109355232042	0.013092711503015268	0.005427191337176645	0.0029762424419492034	0.0018693277636639915	0.0005040680107353883	0.0	0.0

Proportion explained	10
0.7058359490889512	0.2183919041503451	0.031628297297242945	0.024213397496357016	0.010036938574991085	0.005504202951073021	0.0034570971935147486	0.0009322132475250095	0.0	0.0

Species	0	0

Site	10	10
WT.day3.14	-0.13468229400727147	0.05910320609320848	0.0607965154307307	-0.04225527190775393	0.006521869646425893	0.005749276353868327	0.0004281178579953258	0.008111793247320092	-0.0	0.0
WT.day3.15	-0.11266484339945419	0.25387280260545453	0.0072811968171880865	0.03189808264306064	0.003886296048084151	0.005572034410229873	0.0008982350420817446	0.0032122350353952435	-0.0	0.0
WT.unt.4	0.2340523080318063	0.08460150244894468	-0.06889871793023075	0.008081214018226934	0.0025209386982226445	-0.027357763552960854	-0.0009742632111075305	0.0029134992887176452	-0.0	0.0
WT.unt.2	0.16756332640972657	-0.05806350562769496	0.03783502169940891	-0.0383153393195917	0.02407628226479402	-0.019380783406983643	0.019345554168077473	-0.0026883055306611797	-0.0	0.0
WT.unt.1	0.22060032386546563	0.028233843555380094	-0.01339206166032132	0.0005213880771567384	0.010570731254252848	0.03519768225379906	0.0048303432410435575	-0.011524476020978511	-0.0	0.0
WT.unt.3	0.13134951100082423	-0.15203963330660922	0.027608256671554594	0.0750995108951909	0.002401942419836917	0.006777120519785379	0.001033567104632126	0.009164297334807113	-0.0	0.0
WT.unt.7	0.19350612131633668	-0.027804332773032802	0.008353121152349947	-0.04009455904061324	-0.040885517338043395	0.0038904992799033205	-0.022224133110370508	0.0020430544981802404	-0.0	0.0
WT.day3.11	-0.20824389491971482	-0.044846829223707856	0.02122932835468836	0.02134312954402786	0.019587176713409378	-0.016520993434217215	-0.02366404576953655	-0.011058439706163619	-0.0	0.0
WT.day3.9	-0.2610100231697109	-0.10817349249815375	-0.07538482238400086	-0.0295930303106696	0.01882242964398545	0.012954958428214827	-4.091548222994215e-05	0.005785000718237338	-0.0	0.0
WT.day3.13	-0.23047053512800808	-0.03488356127378915	-0.005427838151367699	0.013314875400964894	-0.0475021493509681	-0.006882030851637622	0.020367540159414187	-0.0059586588648537055	-0.0	0.0

Biplot	0	0

Site constraints	0	0
