	sequences per sample	iteration	WT.day3.14	WT.day3.15	WT.unt.4	WT.unt.2	WT.unt.1	WT.unt.3	WT.unt.7	WT.day3.11	WT.day3.9	WT.day3.13
alpha_rarefaction_10_0.txt	10	0	5.0	6.0	10.0	10.0	8.0	8.0	10.0	6.0	5.0	2.0
alpha_rarefaction_10_1.txt	10	1	4.0	4.0	10.0	9.0	10.0	9.0	8.0	5.0	6.0	5.0
alpha_rarefaction_10_2.txt	10	2	4.0	4.0	10.0	10.0	10.0	8.0	9.0	6.0	7.0	3.0
alpha_rarefaction_10_3.txt	10	3	5.0	5.0	8.0	10.0	9.0	10.0	9.0	7.0	3.0	2.0
alpha_rarefaction_10_4.txt	10	4	5.0	5.0	8.0	10.0	10.0	9.0	10.0	5.0	5.0	4.0
alpha_rarefaction_10_5.txt	10	5	4.0	2.0	9.0	8.0	9.0	9.0	9.0	4.0	3.0	2.0
alpha_rarefaction_10_6.txt	10	6	4.0	2.0	9.0	8.0	7.0	10.0	8.0	5.0	6.0	6.0
alpha_rarefaction_10_7.txt	10	7	5.0	2.0	9.0	8.0	9.0	10.0	10.0	4.0	4.0	4.0
alpha_rarefaction_10_8.txt	10	8	5.0	2.0	9.0	10.0	9.0	6.0	9.0	5.0	7.0	5.0
alpha_rarefaction_10_9.txt	10	9	4.0	2.0	9.0	9.0	7.0	9.0	10.0	4.0	3.0	4.0
alpha_rarefaction_787_0.txt	787	0	63.0	40.0	237.0	213.0	241.0	218.0	223.0	59.0	56.0	43.0
alpha_rarefaction_787_1.txt	787	1	66.0	42.0	226.0	230.0	228.0	234.0	224.0	61.0	63.0	48.0
alpha_rarefaction_787_2.txt	787	2	66.0	47.0	241.0	209.0	227.0	222.0	229.0	65.0	58.0	50.0
alpha_rarefaction_787_3.txt	787	3	62.0	42.0	234.0	224.0	227.0	245.0	210.0	55.0	46.0	50.0
alpha_rarefaction_787_4.txt	787	4	66.0	45.0	235.0	214.0	230.0	223.0	205.0	58.0	49.0	46.0
alpha_rarefaction_787_5.txt	787	5	69.0	48.0	242.0	227.0	224.0	228.0	211.0	61.0	55.0	49.0
alpha_rarefaction_787_6.txt	787	6	63.0	41.0	232.0	222.0	235.0	210.0	227.0	54.0	47.0	42.0
alpha_rarefaction_787_7.txt	787	7	65.0	52.0	215.0	236.0	229.0	229.0	228.0	55.0	54.0	54.0
alpha_rarefaction_787_8.txt	787	8	68.0	41.0	237.0	220.0	225.0	238.0	226.0	53.0	57.0	45.0
alpha_rarefaction_787_9.txt	787	9	75.0	44.0	238.0	236.0	233.0	224.0	229.0	57.0	55.0	44.0
alpha_rarefaction_1564_0.txt	1564	0	95.0	65.0	337.0	329.0	331.0	346.0	327.0	78.0	80.0	66.0
alpha_rarefaction_1564_1.txt	1564	1	97.0	70.0	334.0	312.0	331.0	312.0	307.0	78.0	78.0	77.0
alpha_rarefaction_1564_2.txt	1564	2	100.0	68.0	328.0	319.0	330.0	331.0	325.0	87.0	67.0	77.0
alpha_rarefaction_1564_3.txt	1564	3	105.0	74.0	317.0	312.0	336.0	326.0	333.0	83.0	72.0	62.0
alpha_rarefaction_1564_4.txt	1564	4	101.0	67.0	348.0	320.0	343.0	334.0	315.0	81.0	74.0	69.0
alpha_rarefaction_1564_5.txt	1564	5	99.0	71.0	327.0	316.0	334.0	348.0	323.0	71.0	66.0	63.0
alpha_rarefaction_1564_6.txt	1564	6	100.0	70.0	338.0	307.0	326.0	333.0	329.0	77.0	70.0	74.0
alpha_rarefaction_1564_7.txt	1564	7	97.0	56.0	331.0	333.0	342.0	339.0	324.0	83.0	71.0	66.0
alpha_rarefaction_1564_8.txt	1564	8	97.0	69.0	316.0	327.0	341.0	345.0	334.0	84.0	78.0	67.0
alpha_rarefaction_1564_9.txt	1564	9	104.0	66.0	323.0	327.0	334.0	326.0	331.0	84.0	70.0	74.0
alpha_rarefaction_2341_0.txt	2341	0	111.0	77.0	421.0	399.0	408.0	397.0	393.0	100.0	94.0	78.0
alpha_rarefaction_2341_1.txt	2341	1	118.0	84.0	397.0	393.0	406.0	415.0	389.0	101.0	85.0	97.0
alpha_rarefaction_2341_2.txt	2341	2	118.0	71.0	406.0	388.0	424.0	408.0	408.0	93.0	92.0	87.0
alpha_rarefaction_2341_3.txt	2341	3	126.0	75.0	394.0	381.0	408.0	411.0	401.0	105.0	86.0	100.0
alpha_rarefaction_2341_4.txt	2341	4	118.0	88.0	414.0	393.0	405.0	420.0	399.0	95.0	91.0	92.0
alpha_rarefaction_2341_5.txt	2341	5	127.0	83.0	405.0	376.0	415.0	405.0	393.0	96.0	98.0	91.0
alpha_rarefaction_2341_6.txt	2341	6	117.0	82.0	409.0	397.0	387.0	405.0	374.0	99.0	93.0	82.0
alpha_rarefaction_2341_7.txt	2341	7	129.0	95.0	399.0	396.0	397.0	402.0	400.0	99.0	78.0	90.0
alpha_rarefaction_2341_8.txt	2341	8	107.0	85.0	410.0	397.0	416.0	397.0	388.0	102.0	91.0	91.0
alpha_rarefaction_2341_9.txt	2341	9	126.0	90.0	413.0	389.0	432.0	402.0	381.0	90.0	89.0	89.0
alpha_rarefaction_3118_0.txt	3118	0	135.0	92.0	449.0	440.0	466.0	459.0	463.0	116.0	112.0	114.0
alpha_rarefaction_3118_1.txt	3118	1	135.0	97.0	457.0	477.0	462.0	475.0	463.0	111.0	90.0	110.0
alpha_rarefaction_3118_2.txt	3118	2	136.0	101.0	469.0	453.0	476.0	469.0	480.0	110.0	103.0	100.0
alpha_rarefaction_3118_3.txt	3118	3	146.0	104.0	481.0	455.0	471.0	480.0	445.0	110.0	100.0	107.0
alpha_rarefaction_3118_4.txt	3118	4	130.0	100.0	450.0	446.0	469.0	475.0	445.0	113.0	107.0	112.0
alpha_rarefaction_3118_5.txt	3118	5	143.0	95.0	455.0	430.0	476.0	479.0	435.0	113.0	106.0	102.0
alpha_rarefaction_3118_6.txt	3118	6	132.0	90.0	449.0	460.0	473.0	470.0	436.0	108.0	104.0	108.0
alpha_rarefaction_3118_7.txt	3118	7	143.0	101.0	483.0	451.0	472.0	467.0	441.0	111.0	103.0	105.0
alpha_rarefaction_3118_8.txt	3118	8	136.0	103.0	459.0	462.0	474.0	459.0	452.0	110.0	104.0	107.0
alpha_rarefaction_3118_9.txt	3118	9	139.0	98.0	458.0	448.0	474.0	456.0	439.0	121.0	95.0	105.0
alpha_rarefaction_3895_0.txt	3895	0	144.0	95.0	513.0	516.0	541.0	524.0	499.0	117.0	129.0	114.0
alpha_rarefaction_3895_1.txt	3895	1	167.0	112.0	516.0	510.0	524.0	513.0	509.0	122.0	110.0	115.0
alpha_rarefaction_3895_2.txt	3895	2	146.0	101.0	504.0	513.0	528.0	535.0	489.0	127.0	117.0	117.0
alpha_rarefaction_3895_3.txt	3895	3	150.0	101.0	525.0	501.0	523.0	538.0	514.0	122.0	109.0	110.0
alpha_rarefaction_3895_4.txt	3895	4	160.0	106.0	500.0	504.0	513.0	528.0	505.0	123.0	120.0	118.0
alpha_rarefaction_3895_5.txt	3895	5	149.0	110.0	513.0	511.0	513.0	514.0	495.0	116.0	114.0	109.0
alpha_rarefaction_3895_6.txt	3895	6	153.0	110.0	531.0	510.0	524.0	518.0	516.0	130.0	117.0	111.0
alpha_rarefaction_3895_7.txt	3895	7	144.0	101.0	496.0	496.0	524.0	541.0	502.0	126.0	108.0	115.0
alpha_rarefaction_3895_8.txt	3895	8	150.0	102.0	515.0	496.0	543.0	516.0	502.0	126.0	108.0	112.0
alpha_rarefaction_3895_9.txt	3895	9	148.0	102.0	522.0	501.0	508.0	519.0	491.0	126.0	110.0	107.0
alpha_rarefaction_4672_0.txt	4672	0	166.0	122.0	557.0	538.0	561.0	557.0	556.0	136.0	125.0	131.0
alpha_rarefaction_4672_1.txt	4672	1	169.0	112.0	553.0	540.0	574.0	553.0	562.0	128.0	115.0	111.0
alpha_rarefaction_4672_2.txt	4672	2	166.0	113.0	563.0	545.0	550.0	553.0	542.0	138.0	125.0	119.0
alpha_rarefaction_4672_3.txt	4672	3	164.0	116.0	546.0	555.0	551.0	569.0	581.0	136.0	124.0	125.0
alpha_rarefaction_4672_4.txt	4672	4	153.0	122.0	553.0	545.0	550.0	573.0	560.0	142.0	123.0	125.0
alpha_rarefaction_4672_5.txt	4672	5	165.0	114.0	556.0	567.0	558.0	562.0	548.0	125.0	126.0	122.0
alpha_rarefaction_4672_6.txt	4672	6	164.0	112.0	569.0	547.0	556.0	587.0	540.0	140.0	124.0	125.0
alpha_rarefaction_4672_7.txt	4672	7	168.0	110.0	546.0	542.0	562.0	563.0	566.0	131.0	123.0	125.0
alpha_rarefaction_4672_8.txt	4672	8	171.0	117.0	560.0	540.0	535.0	588.0	579.0	128.0	120.0	112.0
alpha_rarefaction_4672_9.txt	4672	9	161.0	113.0	569.0	553.0	568.0	585.0	557.0	135.0	126.0	126.0
alpha_rarefaction_5449_0.txt	5449	0	176.0	130.0	600.0	598.0	611.0	607.0	595.0	145.0	131.0	133.0
alpha_rarefaction_5449_1.txt	5449	1	178.0	126.0	601.0	577.0	595.0	609.0	587.0	145.0	127.0	139.0
alpha_rarefaction_5449_2.txt	5449	2	173.0	118.0	584.0	580.0	595.0	594.0	588.0	148.0	121.0	138.0
alpha_rarefaction_5449_3.txt	5449	3	172.0	118.0	583.0	605.0	600.0	622.0	600.0	142.0	134.0	141.0
alpha_rarefaction_5449_4.txt	5449	4	175.0	123.0	603.0	588.0	604.0	613.0	585.0	148.0	139.0	140.0
alpha_rarefaction_5449_5.txt	5449	5	171.0	121.0	599.0	595.0	590.0	613.0	604.0	145.0	128.0	135.0
alpha_rarefaction_5449_6.txt	5449	6	172.0	112.0	583.0	599.0	601.0	596.0	592.0	151.0	128.0	140.0
alpha_rarefaction_5449_7.txt	5449	7	171.0	121.0	605.0	595.0	605.0	613.0	617.0	150.0	138.0	132.0
alpha_rarefaction_5449_8.txt	5449	8	179.0	126.0	595.0	604.0	597.0	613.0	607.0	151.0	136.0	136.0
alpha_rarefaction_5449_9.txt	5449	9	176.0	125.0	596.0	601.0	606.0	615.0	600.0	148.0	130.0	130.0
alpha_rarefaction_6226_0.txt	6226	0	179.0	141.0	631.0	630.0	627.0	643.0	634.0	156.0	141.0	147.0
alpha_rarefaction_6226_1.txt	6226	1	184.0	130.0	625.0	633.0	633.0	644.0	637.0	155.0	126.0	151.0
alpha_rarefaction_6226_2.txt	6226	2	179.0	130.0	625.0	639.0	641.0	648.0	642.0	156.0	140.0	152.0
alpha_rarefaction_6226_3.txt	6226	3	181.0	132.0	634.0	628.0	629.0	632.0	633.0	159.0	143.0	154.0
alpha_rarefaction_6226_4.txt	6226	4	182.0	128.0	639.0	641.0	624.0	655.0	638.0	158.0	140.0	151.0
alpha_rarefaction_6226_5.txt	6226	5	179.0	133.0	624.0	637.0	620.0	647.0	640.0	157.0	142.0	146.0
alpha_rarefaction_6226_6.txt	6226	6	185.0	124.0	628.0	615.0	631.0	634.0	618.0	157.0	148.0	153.0
alpha_rarefaction_6226_7.txt	6226	7	176.0	132.0	627.0	625.0	634.0	652.0	612.0	153.0	142.0	149.0
alpha_rarefaction_6226_8.txt	6226	8	184.0	130.0	626.0	623.0	638.0	631.0	631.0	151.0	139.0	142.0
alpha_rarefaction_6226_9.txt	6226	9	180.0	136.0	617.0	639.0	624.0	654.0	615.0	162.0	137.0	140.0
alpha_rarefaction_7003_0.txt	7003	0	191.0	143.0	651.0	679.0	668.0	665.0	661.0	160.0	155.0	159.0
alpha_rarefaction_7003_1.txt	7003	1	192.0	139.0	655.0	659.0	653.0	679.0	661.0	165.0	150.0	151.0
alpha_rarefaction_7003_2.txt	7003	2	187.0	139.0	661.0	667.0	660.0	677.0	665.0	163.0	140.0	150.0
alpha_rarefaction_7003_3.txt	7003	3	186.0	133.0	662.0	677.0	662.0	684.0	669.0	162.0	147.0	151.0
alpha_rarefaction_7003_4.txt	7003	4	189.0	141.0	672.0	676.0	652.0	680.0	657.0	166.0	147.0	149.0
alpha_rarefaction_7003_5.txt	7003	5	189.0	139.0	663.0	667.0	653.0	688.0	675.0	164.0	150.0	166.0
alpha_rarefaction_7003_6.txt	7003	6	188.0	141.0	654.0	655.0	661.0	676.0	663.0	166.0	147.0	163.0
alpha_rarefaction_7003_7.txt	7003	7	188.0	136.0	670.0	665.0	672.0	674.0	657.0	164.0	141.0	152.0
alpha_rarefaction_7003_8.txt	7003	8	190.0	142.0	656.0	668.0	669.0	692.0	649.0	164.0	146.0	152.0
alpha_rarefaction_7003_9.txt	7003	9	189.0	142.0	664.0	676.0	665.0	665.0	666.0	166.0	149.0	157.0
alpha_rarefaction_7780_0.txt	7780	0	194.0	139.0	686.0	702.0	700.0	710.0	698.0	175.0	164.0	155.0
alpha_rarefaction_7780_1.txt	7780	1	194.0	139.0	680.0	697.0	687.0	711.0	699.0	172.0	156.0	159.0
alpha_rarefaction_7780_2.txt	7780	2	194.0	147.0	685.0	691.0	692.0	704.0	695.0	173.0	153.0	171.0
alpha_rarefaction_7780_3.txt	7780	3	193.0	145.0	681.0	693.0	697.0	711.0	693.0	174.0	155.0	167.0
alpha_rarefaction_7780_4.txt	7780	4	194.0	148.0	677.0	693.0	686.0	713.0	697.0	167.0	157.0	164.0
alpha_rarefaction_7780_5.txt	7780	5	194.0	145.0	684.0	701.0	697.0	708.0	686.0	172.0	158.0	154.0
alpha_rarefaction_7780_6.txt	7780	6	194.0	143.0	691.0	709.0	685.0	708.0	700.0	166.0	159.0	161.0
alpha_rarefaction_7780_7.txt	7780	7	193.0	146.0	685.0	699.0	695.0	703.0	697.0	173.0	158.0	171.0
alpha_rarefaction_7780_8.txt	7780	8	194.0	144.0	676.0	694.0	694.0	704.0	700.0	172.0	153.0	168.0
alpha_rarefaction_7780_9.txt	7780	9	194.0	145.0	678.0	685.0	689.0	704.0	695.0	171.0	157.0	166.0